0.08	0.1	0.12	0.15	0.08	0.1	0.12	0.15	0.08	0.1	0.12	0.15	0.08	0.1	0.12	0.15
10	0.336292660470974	0.431693949029106	0.504491292796461	0.612905012560161	0.42336620183622	0.533672850751526	0.606247118495159	0.709591417759306	0.326670873493397	0.404593532117717	0.485639967195447	0.587055497112089	0.356708657385018	0.440093811789102	0.52041657693584	0.631294055596914
20	0.45562292721267	0.546232827459062	0.633069769386218	0.73186774652278	0.548118598071379	0.637398889028795	0.722027554833975	0.80923576688414	0.407061495729136	0.497110492167523	0.581729709493324	0.697709750144476	0.446821867570961	0.542704190166459	0.625875873324545	0.740496878230703
30	0.534665936562156	0.63560922627812	0.707499679680985	0.799900517837176	0.623225566309911	0.713702319803194	0.783592512347888	0.864200539603795	0.464658932521497	0.561873554169034	0.655794204852677	0.762955922602461	0.513218900607206	0.615760070335914	0.701095193806856	0.803527086211506
40	0.580794087124356	0.684897197496324	0.759906008014996	0.844685076343545	0.671530434828854	0.760097400646331	0.830297127588234	0.900447291979578	0.516925669721988	0.616608468924612	0.710730487543955	0.809385506482918	0.566366087854119	0.670125125246231	0.752125703106409	0.849389341352767
50	0.628358322913351	0.724428289654425	0.796434803642724	0.878533596808736	0.712018000809367	0.800384698281028	0.859795249437143	0.921824920466184	0.552719682378777	0.661680960911454	0.74260835458401	0.84591708054114	0.610488695474715	0.711009848778572	0.791757226953405	0.882540144627419
60	0.66132111887171	0.753228040142928	0.828876998680224	0.899839801769064	0.741858063875078	0.824190807857547	0.882579568465918	0.941012193913627	0.594503401555378	0.69334619926515	0.780002729668348	0.871652888175344	0.644916587344795	0.745787118750044	0.825076790017415	0.906715021313097
70	0.693424888702397	0.78495918824755	0.854546011143405	0.918479878976223	0.770837481054266	0.847342876417438	0.903018190819111	0.952661022708215	0.620354933055704	0.723708481495591	0.805793964855363	0.888664743859121	0.677258950093419	0.775133197295317	0.851417794485373	0.923843562021029
80	0.716028711437885	0.805033210940753	0.872440087251195	0.935541184149285	0.793241165257695	0.86730993641625	0.918306851547651	0.960912012651675	0.643315322771532	0.750830251090691	0.830547209879799	0.910325790992148	0.700524909759664	0.799486919916783	0.871079355227515	0.937608071989476
90	0.738717125184729	0.824371828331445	0.886900396995887	0.94393159209424	0.809343928693203	0.881344165022955	0.929602267291461	0.968361062849843	0.667285693254505	0.76979563437359	0.847959023581801	0.920354111576055	0.724355386732504	0.819443017468157	0.887496084523756	0.947703120255192
100	0.757723764643857	0.84199926462201	0.900789486965466	0.952768157083202	0.827041462205116	0.896123771875827	0.938751881038485	0.973683250064657	0.687819288352652	0.79092455227283	0.863759758590602	0.93402013563512	0.74834403761458	0.839614540693656	0.901617347236682	0.956617086281985
110	0.773923786776955	0.856076307288563	0.912316922219167	0.959706815793777	0.841663444006237	0.906579879998933	0.947894176127886	0.978897876149008	0.709760777201678	0.807465648201884	0.877511423748296	0.943054173750947	0.762787260013441	0.856357259415549	0.913652979393284	0.964501424269513
120	0.789270508737178	0.868692430242217	0.922476578077111	0.965284234456562	0.855315350484351	0.916954636898729	0.953776856932931	0.98202444863917	0.728152600395741	0.82287417682578	0.890644671477436	0.95230474184444	0.781253303909559	0.86716594429972	0.924111678436233	0.969442180935164
130	0.805907189748005	0.88052056411164	0.93049999541731	0.970900655012738	0.865177935583659	0.925310013820246	0.960057991128877	0.985111852666024	0.742585793767106	0.838145316123356	0.902423764007332	0.958513137576702	0.794128455122333	0.879749588950686	0.933371983248933	0.974596954426743
140	0.815783483560416	0.89122894185953	0.93728705517103	0.974304246746377	0.878131217420305	0.931847914074562	0.964898314168694	0.987391991488396	0.755598167871449	0.849666550406632	0.910597065348657	0.963513142501565	0.810347446050279	0.889708812896349	0.939964798955738	0.97786782999463
150	0.827849781962075	0.900638904344497	0.945063951158826	0.977813791653277	0.885335262955667	0.938778735222737	0.969000239238243	0.989196180676528	0.76804938207287	0.86149514719579	0.919766859098337	0.968362235569941	0.822174490089551	0.899265506273293	0.947205825690214	0.981378913755948
160	0.835682760035506	0.909321745777096	0.95074237737834	0.981053509462187	0.89405457296773	0.945209604496003	0.972522006461947	0.990939340498354	0.782757592480122	0.871757391046275	0.927450874325954	0.972643213143418	0.832137935079587	0.908384779679021	0.952959298658787	0.983902806960176
170	0.849776153050785	0.91671281352006	0.954480248318197	0.983561134817941	0.901475796269356	0.950255706786533	0.975614716934809	0.992324360466833	0.796260243849024	0.879880363602698	0.934022032617111	0.976154482400805	0.844088851507259	0.91644107544683	0.957556516433503	0.986262651549024
180	0.856839246578757	0.92233466367323	0.958171279491383	0.986016545031122	0.90830716208366	0.954575488549927	0.978297635502233	0.993503618466174	0.803758326024717	0.887572065007595	0.941502444282898	0.97893103031998	0.855010402774662	0.923268175975211	0.962444862076473	0.988134352083076
190	0.866931306081043	0.926298881285132	0.961881987164212	0.987646693888476	0.914811961316994	0.959249585196109	0.981011523273189	0.99454550656798	0.816948136121601	0.896111638346595	0.945062117601165	0.981830896156533	0.861503381177624	0.929961198431032	0.966395544214278	0.98989651807191
200	0.872648984531467	0.932252213464018	0.966909296752385	0.989376268778862	0.919530091325518	0.961533260210172	0.982579279292507	0.995659271242934	0.823832128800588	0.903163097743563	0.94975445723549	0.983926193588344	0.87130361634048	0.934044200034253	0.969440403982262	0.991490302176368
210	0.878938061967876	0.936706368380054	0.969409069601125	0.990461729260522	0.924458396859376	0.965253328609362	0.984774555547882	0.99623569089194	0.83039505861683	0.90783165272349	0.953887014053284	0.985461799438067	0.877452889975948	0.939948946388725	0.972329897200263	0.99241627286218
220	0.888919258496959	0.941862621404307	0.972383552950404	0.991736272713381	0.928954923496925	0.967762852698393	0.985829832362686	0.99638035170234	0.842150133566577	0.916282973212922	0.959318561669678	0.987743934107392	0.884795035665445	0.944270571542123	0.97474510171185	0.993600332498132
230	0.893480884458548	0.946772711361094	0.974397023807015	0.992573764709097	0.93452703909334	0.970415546715186	0.987557765312712	0.996861264603082	0.847075585891455	0.921741074988749	0.962225181729143	0.989057175179846	0.891083193355293	0.948622233966443	0.97754306830083	0.994376011342191
240	0.897062715184651	0.950025624154243	0.976467140125959	0.993716335931227	0.938420488790848	0.972620599046567	0.988799994889557	0.997426137285025	0.855195635668827	0.926045489669	0.964544919809861	0.990199114327271	0.897979271143996	0.952952709033435	0.979536612160769	0.994964618941006
250	0.901429549402246	0.954058437034103	0.978876661823262	0.994470104620293	0.940466219003097	0.974899969316244	0.989810815852305	0.99773354033265	0.859971999083806	0.933120538233421	0.967826662469114	0.991441122718495	0.902389135660209	0.955775661239657	0.981486770971307	0.995742199434255
260	0.909595488956573	0.956407487219753	0.98013913576646	0.995061880481697	0.945250509757398	0.976786075226814	0.991006794901909	0.998175590536737	0.869968927059136	0.935478595743408	0.970733331909429	0.992279512582798	0.907035878123454	0.958944426117759	0.983537285845991	0.99622310940197
270	0.911943025260859	0.959497650178992	0.98262642321467	0.995715371544659	0.947779846698761	0.978154917685243	0.991608996611096	0.998271136881829	0.872144398270868	0.939421462743775	0.972805080593923	0.993210943275131	0.913141133209296	0.961855988180964	0.98494860354613	0.996799784731445
280	0.915758474625038	0.962167929094007	0.983957730025958	0.995997488442666	0.952354518672006	0.980673195019615	0.992895351431494	0.998840229241319	0.877712445062334	0.941837590278906	0.975048447118812	0.99391322418859	0.916543457894061	0.964590661428186	0.986384911795729	0.997264308039902
290	0.921696455287741	0.963976854756873	0.985056530084308	0.996723276969521	0.954308491288395	0.981882920816361	0.993564227868764	0.999212791134835	0.883752841884851	0.946896309062603	0.976972098899053	0.994769587452537	0.92170985096874	0.967074545543779	0.987811280043743	0.997502963048271
300	0.923912450929712	0.96703732128736	0.986406684244005	0.99710138243928	0.95639068667195	0.983175980383553	0.993791620067006	0.998852135331778	0.889272442684649	0.949347333501417	0.979058802620831	0.995143215890705	0.925533815155879	0.969654011987704	0.988553710953976	0.997844753951305
310	0.928303676298396	0.96950263119961	0.987699085162895	0.997528719322273	0.959519628482928	0.984736884176987	0.994709015358501	0.999296718240064	0.892777770259784	0.952470866593655	0.980231908705978	0.995922672593758	0.930212509707516	0.972188921462594	0.989801602219069	0.998468617282276
320	0.931446446862295	0.970780757029602	0.9885823275231	0.997623757519634	0.961647811545054	0.986168569758621	0.995050707824092	0.999171993826584	0.898724015894947	0.955342764172434	0.982082514792512	0.996377232930479	0.933338145966695	0.974125014563411	0.990520634794811	0.998265564207985
330	0.934200293642515	0.972753605464697	0.989218071181441	0.998022752117353	0.963106062450487	0.98653741732603	0.99545118090834	0.999181493876498	0.901311556567849	0.958615477942041	0.983472413594539	0.996582209669296	0.936056525372114	0.97523097056623	0.99132464454665	0.998483433612633
340	0.936791552081648	0.974726523065617	0.990971014078121	0.998485008042774	0.965542469369374	0.988063753046652	0.996387286713535	0.999615063712928	0.906930488730378	0.9600767686654	0.984720741418268	0.997024280646821	0.939663485568342	0.976953201932373	0.992188602523935	0.998894371396425
350	0.940596526326249	0.976113416289481	0.991263332510603	0.998376506927227	0.967866883965918	0.988454396992284	0.996504888889622	0.99989091562016	0.91111178435277	0.962277920391138	0.986028565264095	0.997308545870545	0.942673819070024	0.978555717179005	0.992789343513359	0.998979402142721
360	0.942336732122179	0.97685772451605	0.991551317571735	0.9986075173984	0.969379856276657	0.989092117431955	0.996440337180177	0.999447309912301	0.915829491430797	0.963497505363825	0.986771938643494	0.997608004716847	0.945400941251696	0.980099358455508	0.993247252295281	0.998984393751644
370	0.945301257314285	0.978765815857524	0.992616100857265	0.998820986569242	0.970351628295283	0.990434661758075	0.997663177804349	0.999693572703779	0.918084841793029	0.966881017492026	0.988093877538585	0.997937380347691	0.947791582496774	0.981396728199344	0.993926051309838	0.999262354179533
380	0.948506413523527	0.97961856422416	0.993289579514083	0.998975908367332	0.971873801483684	0.990841582532899	0.997238108358939	0.999454649396852	0.922034801544571	0.968372710920836	0.988706717504762	0.998124487276461	0.949519789496999	0.982497867667321	0.994360549401305	0.999119459840092
390	0.949457932645705	0.981338267056532	0.993652657388172	0.999007641742386	0.97314060115584	0.991297913843389	0.99739234997835	0.999572386309526	0.926307320005077	0.970772101394675	0.989691539314006	0.99838900450353	0.952377670537773	0.983664554409093	0.995414848923068	0.99971117889425
400	0.951426131097367	0.982033934222985	0.99391363908188	0.999078240869657	0.975396759964839	0.99315375095068	0.998733354888807	1.00105337394069	0.927428975543594	0.972132756343854	0.990256303114222	0.998428959346976	0.955600893156776	0.984707667802347	0.995328689558783	0.999427143668216
410	0.953553149482197	0.983164162564016	0.994525540567503	0.999026866108481	0.97589618393578	0.992388027165249	0.998259867700944	1.00018726987508	0.931238061012501	0.973483916910085	0.991224620869792	0.998659175743087	0.957116935558114	0.985752269191114	0.995815997466499	0.999603518291147
420	0.955749708141731	0.984183822852173	0.994530713443348	0.999453917763569	0.976708133085531	0.993001235540192	0.997813538095348	0.999848423404883	0.933073927780518	0.97545049978671	0.99173772663785	0.998796403184621	0.959978013727164	0.986735816117619	0.996909693937036	1.00007042896332
430	0.957619346987663	0.984833221838903	0.995322348253627	0.999302078185318	0.979605911566356	0.994031731222331	0.999188217366052	1.00005273354629	0.937845177178432	0.976080415099934	0.992399623527272	0.998954069084778	0.960589336351954	0.987456784732894	0.99618485075367	0.999569696527017
440	0.960628807593996	0.985608585706465	0.995972007990906	0.99950882886501	0.979245510558505	0.993963087629607	0.998340452677204	0.99980981859395	0.937979880472254	0.977816677988211	0.992946752005118	0.999186572909388	0.962601934477418	0.988478858356783	0.996767834447725	0.999761621233423
450	0.961616305145128	0.986340107391851	0.995733638457536	0.999417955710655	0.980453321720141	0.99379322746387	0.998689820927821	0.999517019711144	0.940380918618319	0.977998887303762	0.993324685532975	0.99913119985035	0.964255656947916	0.989011975168229	0.997213188555672	0.999735692541445
