0.08	0.1	0.12	0.15	0.08	0.1	0.12	0.15	0.08	0.1	0.12	0.15	0.08	0.1	0.12	0.15
10	0.447456723917286	0.547853943942398	0.622287142996199	0.724233003926779	0.457951922007559	0.560405463995725	0.655533671215058	0.770485516031458	0.353955705915427	0.441030730723926	0.524555394142835	0.63319566980895	0.379887399555668	0.469427055551365	0.548786347435392	0.656266653001597
20	0.561108544767154	0.656278518472093	0.735697181802316	0.820022800991382	0.560102411036901	0.665018438924885	0.755134530422451	0.849047480880272	0.414013845201368	0.520762732306496	0.597090952901464	0.716003421052013	0.435573523193682	0.534347793556327	0.620926906247112	0.732306291547106
30	0.633868432404775	0.729549916440869	0.797239958972819	0.875066127733371	0.634113769490855	0.736156821577923	0.81359465734059	0.893891476213187	0.47032561109005	0.567272224376781	0.661377794758039	0.772434078527882	0.48211278777404	0.582449320567292	0.67595910085606	0.788309620450922
40	0.683700272113307	0.772507812639868	0.837855321270417	0.905327195215541	0.68078495209144	0.782805122377668	0.854946918862451	0.922526500201366	0.513582425700068	0.617460113792351	0.706638437979954	0.815644933327097	0.527152279055366	0.630630594386936	0.722514650347547	0.82968399402856
50	0.726788155126198	0.808174545668129	0.868705310648182	0.929074631358216	0.725930101456649	0.816171509928054	0.883855267554163	0.942913038403309	0.54941473228342	0.6586337848925	0.74593954138188	0.842888532821232	0.561182607504365	0.66938900407956	0.759874907664044	0.859110747759779
60	0.755913168851272	0.835715789506872	0.890998321608651	0.944454049740148	0.757268209698429	0.845675733347843	0.905136398630657	0.956437863350348	0.583608670598946	0.689516137667742	0.781251666277386	0.868768337236927	0.590771134140024	0.700835277736001	0.79088867062337	0.882202147773398
70	0.781282112989233	0.860334975717216	0.911201889750935	0.955901140920688	0.784012033052495	0.868276805063236	0.92313804089654	0.966438490799055	0.613081750365838	0.720074475668695	0.800196835784957	0.888011124718877	0.622118232168116	0.726397072969916	0.815944654225746	0.903632616960213
80	0.803657788813991	0.876368338516253	0.924672418905352	0.964291512742328	0.806978561107263	0.886017905139155	0.935486517320989	0.973407892407183	0.633120955560389	0.743654064713919	0.822328889757541	0.906211279173198	0.645341051761239	0.755942384686859	0.837249051689829	0.920227876523825
90	0.822651711332134	0.892491686772465	0.936666219955176	0.971140249303483	0.825645933011878	0.901647258221265	0.946124292496869	0.97874865751279	0.66174383845237	0.760700873332746	0.840023237542325	0.918876128925847	0.667560091094215	0.774596715475393	0.855043102744474	0.931919238863897
100	0.839434143317014	0.904162463850156	0.945075604124121	0.977047054127633	0.844099759620473	0.913025709237472	0.953230863898082	0.983027772083505	0.676497849400174	0.783131532867626	0.857649679635075	0.930667527873766	0.688382578652252	0.795378158819587	0.872333157716609	0.942411268487949
110	0.853058518140467	0.914121146160975	0.953547931579117	0.980902762694705	0.858084351387005	0.924206597179815	0.961095754762931	0.986385715780515	0.696803392069413	0.797653063387725	0.873619028079487	0.940360374154541	0.708165253470477	0.811336048701425	0.886591642899396	0.950759071581486
120	0.865754965016881	0.923861867730105	0.958568529352033	0.984064407062609	0.87101824337672	0.933314310169477	0.966818073812553	0.988969615972344	0.711504911937374	0.811898285219738	0.88564662687928	0.949192741725066	0.721481874847643	0.828609741998478	0.89703380130134	0.957043548857629
130	0.874566587700433	0.9323216895332	0.963949997804826	0.986873228547426	0.881430235346338	0.940715344553266	0.971675513917751	0.991027854836294	0.734487869203542	0.827200003976248	0.895821240097656	0.954348808565252	0.739747934325496	0.840659897697425	0.908963339191568	0.963757678806691
140	0.887117150170963	0.938903972367507	0.968351362564541	0.988908666554076	0.893511703238129	0.946696667192444	0.975549185468905	0.992541213334503	0.743707282061133	0.842940259171286	0.905147188477602	0.959886619854562	0.755697894881348	0.852183903844516	0.917249554652066	0.969072724219729
150	0.894859370155125	0.943500510331316	0.972123982130705	0.990476514832205	0.902181403006811	0.95321261688673	0.978636946205485	0.993879788999459	0.759866674081958	0.849970484745068	0.915714589437806	0.964794445348188	0.769586082633266	0.863687089550113	0.925066964926978	0.972667039378613
160	0.901845826286463	0.950413137925286	0.975301940643055	0.992264323141662	0.908704621092111	0.958582180542478	0.981527808017732	0.994930493025904	0.766091981635276	0.865441690150634	0.92263541997427	0.97040826946373	0.781143715234388	0.873977950131001	0.932243085830518	0.976978860914343
170	0.910038071066891	0.95493168644002	0.978436133009995	0.993327558868904	0.917891804338551	0.962225580609599	0.983940968757331	0.995723677131032	0.778201881317062	0.870601851096295	0.928255109088733	0.973826695111211	0.794613365205892	0.884672511126955	0.938540090897053	0.979966105636484
180	0.916455778573588	0.958988014550014	0.98086533406435	0.994297655256216	0.924189012728937	0.96669643564007	0.986163746029048	0.99649136949516	0.788107041057347	0.878066367157512	0.934350818492849	0.977083991819025	0.802947660936744	0.891799177734744	0.945329761992077	0.982996510267699
190	0.922479612715674	0.962681521052663	0.983156556188482	0.995220307696675	0.929640909659042	0.970069053771272	0.987623817589649	0.997033155431322	0.798346227612014	0.888000994969486	0.939999572460743	0.97996083965322	0.813071254723825	0.899585953461981	0.950426484459976	0.984947487152328
200	0.927751628646212	0.965365447242891	0.984583887346948	0.996132723742104	0.934775911738083	0.972149519608147	0.98908811064887	0.997627348627506	0.809801055426244	0.894451309468605	0.946068743344072	0.982448657292364	0.821870169927167	0.906970730020272	0.954708322602128	0.986868479347921
210	0.931751480796367	0.96891611973357	0.986460522110845	0.996572475519114	0.939730326354587	0.975160591818206	0.990423428499187	0.99798972398164	0.81839833602898	0.90113593741321	0.950777517498398	0.984366275831823	0.832741258207094	0.914148828336206	0.958469966143811	0.988588841259059
220	0.936555513415728	0.971520344299894	0.987816908365327	0.996937551231815	0.943622276637147	0.977473207057774	0.991404999078913	0.998209962735377	0.825618393198904	0.908548989881368	0.955277761646258	0.986208710603684	0.839395410901327	0.919767587735787	0.962819310595737	0.989805941506221
230	0.940970599666257	0.974415245166494	0.989524562572253	0.997712320905405	0.948004245209401	0.9798511309693	0.992659631258644	0.998508626878119	0.835210804623423	0.914235284026789	0.957710905989114	0.987311709310431	0.848129306528924	0.924286727442333	0.965579841315504	0.991302168046937
240	0.943388578877501	0.976063545819552	0.9902505979666	0.997642920092518	0.951764650396909	0.981541361267149	0.993464409385952	0.998712506499135	0.842857522813055	0.919690648092567	0.961393890167299	0.988849852194289	0.855671714714169	0.929421555239989	0.969046265281765	0.992310957998234
250	0.946556543163896	0.978153354273183	0.991220325878672	0.998289484396603	0.954250223422373	0.983434517633116	0.994096967904627	0.998924193774342	0.848338986780884	0.924456840667569	0.964879395683184	0.99020423320466	0.861513357737329	0.934449179088174	0.972194733832215	0.993301672141398
260	0.950132952542673	0.979657080118114	0.992272368342369	0.998364421170939	0.957556649844662	0.984631793762502	0.994802173534273	0.999057876824378	0.857161290584676	0.928952954858549	0.967790728857108	0.99156887712621	0.869038944252382	0.939069026146077	0.97423452855069	0.994160858128455
270	0.953720325013133	0.981492580380911	0.99303288728636	0.998536306880172	0.961411516043258	0.986731128695066	0.995720700719314	1.00011109476627	0.862455933654107	0.934140015925509	0.969259014508437	0.992240615496016	0.87426796288942	0.942818409615666	0.976101287889423	0.994794953665849
280	0.957781158997356	0.983124340058842	0.994046973819328	0.999269537113168	0.963932830293505	0.987508105118577	0.996046934813113	0.999544928379273	0.866987778508305	0.936593558764842	0.971870049913517	0.99327347695238	0.880442477479185	0.946731664978776	0.978343501047487	0.995420191875421
290	0.960183372199776	0.984483396955649	0.994877309549196	0.999041190233443	0.966462381752234	0.988737335071564	0.997069433112784	1.00020287614884	0.870567805944298	0.939850636320156	0.97450671437941	0.994016313989541	0.88593469014507	0.949699781191778	0.980224647920227	0.99599682945099
300	0.961533225566589	0.985464429368648	0.994816907359777	0.99924389852063	0.968326261495478	0.989754485707347	0.997042199915689	0.999820888451759	0.879721161162746	0.944513332149964	0.976306274595169	0.994626506971472	0.891354926050832	0.953092783861959	0.982005216911745	0.996448051409449
310	0.964060122256996	0.98648730884351	0.995341745765241	0.999186011210522	0.970374211363244	0.990461387098102	0.997249250052198	0.999921655276698	0.884527960164323	0.947782478313027	0.978352663748745	0.995179744446257	0.89521352205124	0.956152712715837	0.983443191995791	0.996813220058427
320	0.965837710946063	0.987560576250831	0.996338248704348	0.999320162003925	0.971938313147284	0.99119512861183	0.997428879220634	0.999611024609049	0.889237090853426	0.950158908922969	0.979794326348457	0.995794246805331	0.900905853655154	0.958761971834589	0.984533997618333	0.997224212515185
330	0.96856678987809	0.988892309217512	0.996595245152818	0.999592354812888	0.97395796339565	0.99229861448667	0.998290792108839	1.0001644119095	0.893510126566936	0.952164549377976	0.981972151732226	0.996174570898955	0.904890576684284	0.961708617036089	0.986283758729554	0.997540134581268
340	0.969593679368289	0.989378248323974	0.996791785402895	0.999823027299369	0.975357651981445	0.992912378463942	0.998083462616357	1.00005976003223	0.896179582670052	0.955649507424898	0.982470812143921	0.996612319489575	0.909564875923689	0.963912157256505	0.987247630281928	0.997839919626679
350	0.971907989111949	0.990958936566267	0.997698801319424	1.00016660994127	0.977021512163774	0.993071448878649	0.99807372639886	0.999854382859279	0.902488717697131	0.958199125326537	0.984433506515935	0.996940664603202	0.913808863819575	0.966215332349261	0.988063269647841	0.998044225642225
360	0.973150391341528	0.990840869121954	0.997700175030798	1.00017325380784	0.979177784183796	0.994699012188477	0.999125785567958	1.00043894452986	0.904935019274232	0.960486610274659	0.985239989630582	0.997328553845506	0.91752129738987	0.967764239947404	0.989147398329788	0.998426192036785
370	0.973730331544039	0.991215893931577	0.997393265104734	0.999735055464215	0.979784565420114	0.994250643672286	0.998932040704867	0.999843173537414	0.909974684349441	0.963423799690834	0.986299905179111	0.99752493406575	0.92017903558233	0.96967531111516	0.990079977628481	0.998499724135667
380	0.975944551184987	0.992239772059194	0.99926874690936	1.00149371335434	0.980745059045014	0.994699165411946	0.99859018290571	0.999885573438618	0.911100885252795	0.964750719470596	0.987254152009827	0.997907698334702	0.923969661113438	0.971730065749314	0.990741080874747	0.99863806272666
390	0.976713101558256	0.992370940650047	0.998121329688836	0.999973828764124	0.982824580210721	0.995699881779394	0.999826978116039	1.00177170724515	0.91552634629631	0.967257393968505	0.988385850129024	0.998105626654374	0.927070617385378	0.973715274715382	0.991361005359254	0.998872204552397
400	0.978671516502449	0.993371996704602	0.998269001041564	1.00038838725298	0.983469227646063	0.995593420625397	0.999097044698399	1.00029369828862	0.918698152836766	0.968501279539577	0.989198865133204	0.998247176062995	0.929759855830777	0.975233655696258	0.99214435204408	0.998952111016161
410	0.979210227128877	0.993719221033676	0.998832954744402	1.00043574927809	0.984112504975137	0.996248866566741	0.999653308394313	1.00061469612033	0.921499235696185	0.970391586689858	0.989785016752287	0.998420855416169	0.93342327858644	0.976684436644772	0.992808360034903	0.999064464676053
420	0.980208577995178	0.993705215203234	0.998419326518102	0.999692283469419	0.985765063907265	0.997114601061102	0.999932969665098	1.00109080951808	0.924513170609054	0.971512516079799	0.990649047745413	0.998606332288543	0.936050896143706	0.977996667727183	0.993380097164504	0.999157296283039
430	0.982696520589707	0.995199162967906	0.99985816655285	1.00055093958684	0.9859708578394	0.99758058750687	1.00013271564462	1.00052427170634	0.92740803300898	0.973253703087993	0.991131218402309	0.998703197720938	0.939269051336807	0.979424110068319	0.994195048055051	0.999569410160307
440	0.982004005665104	0.994946252015542	0.9987751519361	0.99984356139797	0.987518206893899	0.997710019502161	1.00158241276132	1.00096397265378	0.93040331855839	0.974755327942569	0.991742448534728	0.998919545363525	0.940765435494315	0.98043859791856	0.994338109968485	0.9993324609851
450	0.982942406387741	0.995585960888094	0.998768126084722	1.00026423702046	0.988524413695514	0.998921543578756	1.0010869832605	1.00309488709805	0.933630061977735	0.976227198617552	0.992642834489919	0.998976454845247	0.943535770380868	0.981367076698484	0.994874569329368	0.999535871936994
